lr0: 0.01
lrf: 0.01
momentum: 0.94725
weight_decay: 0.00052
warmup_epochs: 3.1274
warmup_momentum: 0.87384
warmup_bias_lr: 0.09559
box: 0.04515
cls: 0.5
cls_pw: 0.83538
obj: 0.94849
obj_pw: 0.96703
iou_t: 0.2
anchor_t: 3.9674
fl_gamma: 0.0
hsv_h: 0.015
hsv_s: 0.5986
hsv_v: 0.38925
degrees: 0.0
translate: 0.1
scale: 0.54249
shear: 0.0
perspective: 0.0
flipud: 0.0
fliplr: 0.5
mosaic: 0.93451
mixup: 0.0
copy_paste: 0.0
anchors: 2.5504
