# YOLOv5 Hyperparameter Evolution Results
# Best generation: 1
# Last generation: 4
#    metrics/precision,       metrics/recall,      metrics/mAP_0.5, metrics/mAP_0.5:0.95,         val/box_loss,         val/obj_loss,         val/cls_loss
#              0.53482,              0.40462,              0.29682,              0.13997,             0.059641,             0.046137,             0.041731

lr0: 0.01191
lrf: 0.01005
momentum: 0.937
weight_decay: 0.00051
warmup_epochs: 3.0519
warmup_momentum: 0.9362
warmup_bias_lr: 0.09596
box: 0.03975
cls: 0.55787
cls_pw: 1.0
obj: 0.75765
obj_pw: 0.96763
iou_t: 0.2
anchor_t: 4.2567
fl_gamma: 0.0
hsv_h: 0.01535
hsv_s: 0.7
hsv_v: 0.4
degrees: 0.0
translate: 0.1
scale: 0.43709
shear: 0.0
perspective: 0.0
flipud: 0.0
fliplr: 0.5
mosaic: 1.0
mixup: 0.0
copy_paste: 0.0
anchors: 3.376
